"","Grid","DATE","Larvae.m2","Nymphs.m2","Adults.m2","n_larvae","n_nymphs","n_adults","MIN_TEMP","MAX_TEMP","AVE_TEMP","MIN_RH","MAX_RH","AVE_RH","TOT_PREC","day.of.year.y","year","week","AVE_TEMP.y","gdd","delta.larvae","delta.nymph","delta.adult"
"1","Green Control",1995-05-02,0.004444444,0.002222222,0.02,2,1,9,1.2,13.3,8,31,76,57,0,122,1995,18,8,34.7,0,0,0
"2","Green Control",1995-05-31,0.068888889,0.022222222,0.006666667,31,10,3,7.1,29.2,18.4,34,99,72,0,151,1995,22,18.4,145.5,29,9,-6
"3","Green Control",1995-06-05,0.008888889,0.015555556,0,4,7,0,7.5,27.7,18.5,46,99,74,0,156,1995,23,18.5,197.3,-27,-3,-3
"6","Green Control",1995-09-20,0.477777778,0.004444444,0,215,2,0,5.2,20.7,13.9,57,100,82,0,263,1995,38,13.9,1265.6,-49,2,0
"7","Green Control",1995-10-19,0,0,0.046666667,0,0,21,3.7,21.9,12.8,48,99,78,0,292,1995,42,12.8,1359,-215,-2,21
"8","Green Control",1995-12-31,0,0,0,0,0,0,-10.5,4,-3.9,53,95,82,0,365,1995,53,-3.9,1395.6,0,0,-21
"9","Green Control",1996-05-02,0,0.002222222,0.013333333,0,1,6,3.5,20,13.2,19,85,47,0,123,1996,18,13.2,55.7,0,1,6
"10","Green Control",1996-05-30,0.011111111,0.08,0.011111111,5,36,5,3,15.7,9.1,50,95,73,0,151,1996,22,9.1,159,5,35,-1
"12","Green Control",1996-07-22,0.086666667,0.035555556,0,39,16,0,10.5,26.5,18.4,37,88,68,0,204,1996,30,18.4,687.3,19,-14,-1
"13","Green Control",1996-08-26,0.884444444,0.004444444,0,398,2,0,12.5,29.8,20.9,39,91,68,0,239,1996,35,20.9,1050,359,-14,0
"14","Green Control",1996-08-30,0.233333333,0.008888889,0.017777778,105,4,8,10.5,24.6,17.2,38,90,69,0,243,1996,35,17.2,1084.5,-293,2,8
"15","Green Control",1996-10-17,0.08,0.002222222,0.042222222,36,1,19,6.4,23.1,14.1,49,97,80,0,291,1996,42,14.1,1309.3,-69,-3,11
"16","Green Control",1996-11-12,0,0,0.053333333,0,0,24,-6.5,5.6,-0.3,38,90,66,0,317,1996,46,-0.3,1337,-36,-1,5
"17","Green Control",1996-12-31,0,0,0,0,0,0,-16.9,-3.8,-8.7,39,90,65,3.8,366,1996,53,-8.7,1338,0,0,-24
"18","Green Control",1997-04-24,0,0,0.013333333,0,0,6,3.4,13.4,8.3,39,94,62,0.8,114,1997,17,8.3,12,0,0,6
"19","Green Control",1997-05-23,0.006666667,0.006666667,0.008888889,3,3,4,1.5,19.9,11.6,31,100,63,0,143,1997,21,11.6,63.2,3,3,-2
"20","Green Control",1997-06-13,0.02,0.002222222,0.006666667,9,1,3,15.1,27.6,21.2,50,100,79,4.6,164,1997,24,21.2,195.3,6,-2,-1
"21","Green Control",1997-07-09,0,0.002222222,0,0,1,0,16.5,30.4,21.9,52,100,81,39.6,190,1997,28,21.9,484.8,-9,0,-3
"22","Green Control",1997-07-23,0.002222222,0.015555556,0.002222222,1,7,1,9.7,27.1,18.7,43,100,78,0,204,1997,30,18.7,642.1,1,6,1
"23","Green Control",1997-09-02,0.286666667,0.004444444,0,129,2,0,15.4,29.8,22.3,53,100,87,0,245,1997,35,22.3,1047.7,128,-5,-1
"24","Green Control",1997-09-24,0.211111111,0.006666667,0.002222222,95,3,1,2.4,18.5,9.4,29,100,71,0,267,1997,39,9.4,1179.4,-34,1,1
"25","Green Control",1997-10-24,0,0,0.026666667,0,0,12,4.3,9.9,6.6,41,88,58,0,297,1997,43,6.6,1251.8,-95,-3,11
"26","Green Control",1997-12-31,0,0,0,0,0,0,-13.5,-1,-6.2,43,77,59,0,365,1997,53,-6.2,1259.8,0,0,-12
"27","Green Control",1998-04-30,0,0,0.0025,0,0,1,9,24.6,17.4,32,94,61,0,120,1998,18,17.4,83.7,0,0,1
"28","Green Control",1998-06-03,0.225,0.0475,0.0025,101,21,1,4.7,18.9,13.5,31,100,69,0,154,1998,22,13.5,295.6,101,21,0
"29","Green Control",1998-07-03,0.0225,0.0375,0,10,17,0,12.3,28.5,20.4,35,100,77,0,184,1998,27,20.4,568.3,-91,-4,-1
"30","Green Control",1998-08-06,0.5375,0.0025,0,242,1,0,15.1,31.5,23,36,100,74,0,218,1998,32,23,958.8,232,-16,0
"31","Green Control",1998-08-31,0.7425,0.0025,0,334,1,0,11.9,27.6,19.2,38,100,78,0.5,243,1998,35,19.2,1252.3,92,0,0
"32","Green Control",1998-10-03,0.47,0.005,0.005,212,2,2,2,16.5,9.7,36,100,72,0,276,1998,40,9.7,1479.3,-122,1,2
"33","Green Control",1998-10-28,0.055,0,0.0425,25,0,19,8.1,14.7,11.5,79,100,92,5.1,301,1998,43,11.5,1520.9,-187,-2,17
"34","Green Control",1998-12-31,0,0,0,0,0,0,-19.9,-5,-11.4,65,92,81,0,365,1998,53,-11.4,1539.3,-25,0,-19
"35","Green Control",1999-05-17,0,0.015555556,0,0,7,0,2.4,24.8,14.7,32,99,65,0,137,1999,20,14.7,98.4,0,7,0
"36","Green Control",1999-05-27,0.071111111,0.042222222,0,32,19,0,9.4,22.3,15.1,26,95,63,0,147,1999,21,15.1,153.4,32,12,0
"37","Green Control",1999-06-16,0.002222222,0.033333333,0,1,15,0,7.1,23.5,15.8,34,95,65,0,167,1999,24,15.8,362.1,-31,-4,0
"38","Green Control",1999-07-13,0.008888889,0.026666667,0,4,12,0,13.7,27.4,20.2,31,89,60,0,194,1999,28,20.2,683,3,-3,0
"39","Green Control",1999-08-04,0.057777778,0.004444444,0,26,2,0,10.2,32.6,22.1,24,95,59,0,216,1999,31,22.1,1002.2,22,-10,0
"40","Green Control",1999-09-02,1.426666667,0.002222222,0,642,1,0,10.3,31.8,20.2,22,97,70,0,245,1999,35,20.2,1299.6,616,-1,0
"41","Green Control",1999-10-06,0.24,0.004444444,0.044444444,108,2,20,1.7,18.2,7.7,40,99,75,0,279,1999,40,7.7,1529.1,-534,1,20
"42","Green Control",1999-10-25,0.011111111,0,0.062222222,5,0,28,-1.1,14.8,7.3,32,96,65,0,298,1999,43,7.3,1558.4,-103,-2,8
"43","Green Control",2000-04-25,0,0,0.046666667,0,0,21,0,17.4,9.4,26,97,55,0,116,2000,17,9.4,41.3,-5,0,-7
"44","Green Control",2000-06-01,0.04,0.171111111,0,18,77,0,15.2,30.7,22.1,28,80,59,0,153,2000,22,22.1,213.3,18,77,-21
"45","Green Control",2000-06-21,0.344444444,0.164444444,0.002222222,155,74,1,12.6,29.4,21.6,38,95,71,7.6,173,2000,25,21.6,375.1,137,-3,1
"46","Green Control",2000-07-13,0.104444444,0.075555556,0,47,34,0,10.3,31.1,21.2,26,96,60,0,195,2000,28,21.2,611.8,-108,-40,-1
"47","Green Control",2000-08-16,1.24,0.042222222,0,558,19,0,12.7,28.2,21.2,33,97,72,14.5,229,2000,33,21.2,967.6,511,-15,0
"48","Green Control",2000-09-07,1.557777778,0.022222222,0,701,10,0,5.1,23.5,14.4,33,97,75,0,251,2000,36,14.4,1147.6,143,-9,0
"49","Green Control",2000-10-04,0.588888889,0.008888889,0.011111111,265,4,5,5.3,20.3,12.5,58,97,86,0,278,2000,40,12.5,1283.9,-436,-6,5
"50","Green Control",2001-04-10,0,0,0.017777778,0,0,8,4.2,17,10.1,35,92,63,0,100,2001,15,10.1,2.3,-265,-4,3
"51","Green Control",2001-05-02,0,0,0.004444444,0,0,2,8.2,33.8,21.6,13,91,49,0,122,2001,18,21.6,72.2,0,0,-6
"52","Green Control",2001-06-12,0.157777778,0.051111111,0.006666667,71,23,3,14.1,28.3,20.8,40,97,76,0,163,2001,24,20.8,295,71,23,1
"53","Green Control",2001-07-10,0.088888889,0.044444444,0.002222222,40,20,1,13.6,32.2,21.4,33,96,77,4.6,191,2001,28,21.4,617.9,-31,-3,-2
"54","Green Control",2001-08-21,1.244444444,0.015555556,0,560,7,0,14.6,30.1,21.6,37,96,73,0,233,2001,34,21.6,1124.2,520,-13,-1
"55","Green Control",2001-09-06,0.171111111,0.004444444,0,77,2,0,5.4,27.6,15.9,19,96,65,0,249,2001,36,15.9,1274.1,-483,-5,0
"56","Green Control",2001-10-15,0.057777778,0.002222222,0.011111111,26,1,5,3.8,21.2,13.9,29,96,75,10.2,288,2001,42,13.9,1473.3,-51,-1,5
"57","Green Control",2001-11-01,0.002222222,0.002222222,0.022222222,1,1,10,4.5,20.3,12.6,41,91,71,0,305,2001,44,12.6,1505.1,-25,0,5
"58","Green Control",2002-05-16,0.006666667,0.011111111,0,3,5,0,1.1,27.1,16.8,23,94,51,0,136,2002,20,16.8,139.1,2,4,-10
"59","Green Control",2002-06-10,0.057777778,0.031111111,0,26,14,0,11.5,27.6,19.4,34,96,63,0,161,2002,23,19.4,293.2,23,9,0
"60","Green Control",2002-07-15,0.002222222,0.031111111,0,1,14,0,15.8,34,24.2,30,94,67,0,196,2002,28,24.2,699.4,-25,0,0
"61","Green Control",2002-08-15,0.042222222,0.006666667,0,19,3,0,20.3,37.3,28.4,34,82,62,0,227,2002,33,28.4,1118.8,18,-11,0
"62","Green Control",2002-09-11,0.086666667,0.002222222,0,39,1,0,13.1,25.2,18.4,35,97,64,0,254,2002,37,18.4,1404.2,20,-2,0
"63","Green Control",2002-10-01,0.102222222,0.002222222,0,46,1,0,13.8,28,20,53,96,80,0,274,2002,40,20,1562.9,7,0,0
"64","Green Control",2002-10-30,0,0.002222222,0.011111111,0,1,5,1,4.9,2.7,54,70,61,0,303,2002,44,2.7,1621.4,-46,0,5
"66","Green Control",2003-08-27,1.04,0.008888889,0,468,4,0,16.4,29.6,23.6,32,97,69,0,239,2003,35,23.6,1075.6,440,-52,-1
"67","Green Control",2003-10-30,0.057777778,0.002222222,0.008888889,26,1,4,1.7,15.9,8.4,39,98,73,0,303,2003,44,8.4,1367.6,-442,-3,4
"68","Green Control",2004-06-24,0.004444444,0.004444444,0,2,2,0,9.2,30.4,20.3,33,98,68,0,176,2004,26,20.3,488.2,-24,1,-4
"69","Green Control",2004-08-23,1.484444444,0.017777778,0,668,8,0,9.3,28.5,19.5,50,99,79,0,236,2004,34,19.5,1128.7,666,6,0
"70","Green Control",2004-09-02,0.773333333,0.011111111,0,348,5,0,10.6,25.7,17.2,44,99,80,0,246,2004,36,17.2,1240.4,-320,-3,0
"72","Green Control",2005-05-31,0.06,0.171111111,0.011111111,27,77,5,7.2,24.3,16.1,31,99,73,0.3,151,2005,22,16.1,131.3,16,75,-3
"73","Green Control",2005-08-17,0.164444444,0.024444444,0,74,11,0,14.7,29.3,21.2,30,99,73,0,229,2005,33,21.2,1106.7,47,-66,-5
"74","Green Control",1998-04-30,0,0,0.002222222,0,0,1,9,24.6,17.4,32,94,61,0,120,1998,18,17.4,83.7,-74,-11,1
"75","Green Control",1998-06-03,0.2,0.042222222,0.002222222,90,19,1,4.7,18.9,13.5,31,100,69,0,154,1998,22,13.5,295.6,90,19,0
"76","Green Control",1998-07-03,0.02,0.033333333,0,9,15,0,12.3,28.5,20.4,35,100,77,0,184,1998,27,20.4,568.3,-81,-4,-1
"77","Green Control",1998-08-06,0.477777778,0.002222222,0,215,1,0,15.1,31.5,23,36,100,74,0,218,1998,32,23,958.8,206,-14,0
"78","Green Control",1998-08-31,0.66,0.002222222,0,297,1,0,11.9,27.6,19.2,38,100,78,0.5,243,1998,35,19.2,1252.3,82,0,0
"79","Green Control",1998-10-03,0.417777778,0.004444444,0.004444444,188,2,2,2,16.5,9.7,36,100,72,0,276,1998,40,9.7,1479.3,-109,1,2
"80","Green Control",1998-10-28,0.048888889,0,0.037777778,22,0,17,8.1,14.7,11.5,79,100,92,5.1,301,1998,43,11.5,1520.9,-166,-2,15
"110","Henry Control",1995-05-03,0,0.004444444,0.013333333,0,2,6,0.8,21.7,11.6,16,76,45,0,123,1995,18,11.6,36.3,0,0,0
"210","Henry Control",1995-06-01,0.011111111,0.013333333,0.002222222,5,6,1,9.7,29.6,20.7,33,98,62,0,152,1995,22,20.7,156.2,5,4,-5
"4","Henry Control",1995-07-31,1.871111111,0.002222222,0,842,1,0,12.2,31.1,22.1,39,95,73,0,212,1995,31,22.1,790.4,842,-1,0
"65","Henry Control",1995-09-18,0.126666667,0.002222222,0,57,1,0,5.2,19.7,13.9,44,100,79,0,261,1995,38,13.9,1259.7,-394,-2,0
"71","Henry Control",1995-10-19,0.002222222,0,0.02,1,0,9,3.7,21.9,12.8,48,99,78,0,292,1995,42,12.8,1359,-56,-1,9
"82","Henry Control",1995-12-31,0,0,0,0,0,0,-10.5,4,-3.9,53,95,82,0,365,1995,53,-3.9,1395.6,-1,0,-9
"91","Henry Control",1996-05-02,0,0,0.004444444,0,0,2,3.5,20,13.2,19,85,47,0,123,1996,18,13.2,55.7,0,0,2
"101","Henry Control",1996-05-28,0.097777778,0.073333333,0.008888889,44,33,4,10,16.4,13.6,46,91,65,0,149,1996,22,13.6,155.3,44,33,2
"11","Henry Control",1996-06-26,0.044444444,0.122222222,0.004444444,20,55,2,8.4,24.3,16.7,32,93,64,0,178,1996,26,16.7,408.4,-24,22,-2
"121","Henry Control",1996-07-29,0.517777778,0.093333333,0,233,42,0,11.8,25.7,17.9,51,93,80,3.8,211,1996,31,17.9,752,213,-13,-2
"131","Henry Control",1996-08-27,0.844444444,0.02,0,380,9,0,13.9,29.3,20.3,48,91,76,6.4,240,1996,35,20.3,1060.3,147,-33,0
"141","Henry Control",1996-09-24,0.28,0.002222222,0.004444444,126,1,2,2.8,14.6,9.9,56,87,77,10.2,268,1996,39,9.9,1259.4,-254,-8,2
"151","Henry Control",1996-10-16,0.102222222,0,0.026666667,46,0,12,2.8,23.6,14.2,46,96,67,0,290,1996,42,14.2,1305.2,-80,-1,10
"161","Henry Control",1996-11-15,0,0,0,0,0,0,-11,0.3,-6,46,93,69,0,320,1996,46,-6,1337,-46,0,-12
"171","Henry Control",1996-12-31,0,0,0,0,0,0,-16.9,-3.8,-8.7,39,90,65,3.8,366,1996,53,-8.7,1338,0,0,0
"181","Henry Control",1997-04-25,0,0,0.022222222,0,0,10,4.2,16.5,9.2,29,97,64,0,115,1997,17,9.2,12,0,0,10
"191","Henry Control",1997-05-22,0,0.006666667,0,0,3,0,5.8,15.5,10.1,40,86,60,0,142,1997,21,10.1,61.6,0,3,-10
"201","Henry Control",1997-06-11,0,0.008888889,0,0,4,0,10.2,32.3,21.4,25,100,65,0,162,1997,24,21.4,168.5,0,1,0
"211","Henry Control",1997-07-10,0.02,0.017777778,0,9,8,0,11.8,26.4,19,36,100,74,0,191,1997,28,19,493.8,9,4,0
"221","Henry Control",1997-07-22,0.144444444,0.031111111,0,65,14,0,12.5,26.5,19.1,44,100,82,8.9,203,1997,29,19.1,633.4,56,6,0
"231","Henry Control",1997-09-02,2.073333333,0.002222222,0,933,1,0,15.4,29.8,22.3,53,100,87,0,245,1997,35,22.3,1047.7,868,-13,0
"241","Henry Control",1997-09-24,0.553333333,0.002222222,0,249,1,0,2.4,18.5,9.4,29,100,71,0,267,1997,39,9.4,1179.4,-684,0,0
"251","Henry Control",1997-10-22,0,0,0.028888889,0,0,13,-5,11.2,2.7,30,99,63,0,295,1997,43,2.7,1251.8,-249,-1,13
"261","Henry Control",1997-12-31,0,0,0,0,0,0,-13.5,-1,-6.2,43,77,59,0,365,1997,53,-6.2,1259.8,0,0,-13
"271","Henry Control",1998-05-03,0.0225,0.0125,0.01,10,6,4,11.8,19.5,14.7,67,100,89,0.3,123,1998,18,14.7,100.4,10,6,4
"281","Henry Control",1998-06-04,0.3225,0.1275,0.0025,145,57,1,1.7,18,10.7,32,100,65,0,155,1998,23,10.7,296.3,135,51,-3
"291","Henry Control",1998-07-02,0.5625,0.0825,0,253,37,0,14.8,27.4,20.4,37,100,75,0,183,1998,27,20.4,557.9,108,-20,-1
"301","Henry Control",1998-08-13,1.7275,0.0525,0,777,24,0,12.4,27.2,19.7,40,100,79,0,225,1998,33,19.7,1043.7,524,-13,0
"311","Henry Control",1998-08-28,1.67,0.0175,0,752,8,0,13.7,30.4,22.1,33,100,78,0,240,1998,35,22.1,1219.6,-25,-16,0
"321","Henry Control",1998-10-02,0.1425,0.0075,0,64,3,0,0,18.3,9.8,31,100,64,0,275,1998,40,9.8,1479.3,-688,-5,0
"331","Henry Control",1998-10-27,0.0125,0.0025,0.03,6,1,14,7.8,14.2,10.3,60,98,82,0,300,1998,43,10.3,1519.4,-58,-2,14
"341","Henry Control",1998-12-31,0,0,0,0,0,0,-19.9,-5,-11.4,65,92,81,0,365,1998,53,-11.4,1539.3,-6,-1,-14
"351","Henry Control",1999-04-19,0,0,0.006666667,0,0,3,-2.1,16.5,6.1,34,100,81,3.8,109,1999,16,6.1,24.4,0,0,3
"361","Henry Control",1999-05-25,0.062222222,0.062222222,0,28,28,0,8.6,19.8,14,33,94,62,0,145,1999,21,14,143.1,28,28,-3
"371","Henry Control",1999-06-21,0.035555556,0.084444444,0,16,38,0,11.3,26.4,18,34,97,70,0,172,1999,25,18,395.6,-12,10,0
"381","Henry Control",1999-07-13,0.055555556,0.055555556,0,25,25,0,13.7,27.4,20.2,31,89,60,0,194,1999,28,20.2,683,9,-13,0
"391","Henry Control",1999-08-03,1.686666667,0.004444444,0,759,2,0,10.2,31.6,20.5,21,96,57,0,215,1999,31,20.5,990.1,734,-23,0
"401","Henry Control",1999-09-02,0.995555556,0.013333333,0,448,6,0,10.3,31.8,20.2,22,97,70,0,245,1999,35,20.2,1299.6,-311,4,0
"411","Henry Control",1999-10-07,0.122222222,0.002222222,0.015555556,55,1,7,-2.7,9.9,2.8,29,97,68,0,280,1999,40,2.8,1529.1,-393,-5,7
"421","Henry Control",1999-10-25,0.044444444,0.002222222,0.011111111,20,1,5,-1.1,14.8,7.3,32,96,65,0,298,1999,43,7.3,1558.4,-35,0,-2
"431","Henry Control",2000-04-25,0,0,0.028888889,0,0,13,0,17.4,9.4,26,97,55,0,116,2000,17,9.4,41.3,-20,-1,8
"441","Henry Control",2000-06-01,0.848888889,0.133333333,0.004444444,382,60,2,15.2,30.7,22.1,28,80,59,0,153,2000,22,22.1,213.3,382,60,-11
"451","Henry Control",2000-06-23,0.191111111,0.175555556,0,86,79,0,12.3,27.5,20.4,32,96,67,0,175,2000,25,20.4,399.4,-296,19,-2
"461","Henry Control",2000-07-12,0.073333333,0.135555556,0,33,61,0,9.2,29,19.4,23,96,63,0,194,2000,28,19.4,600.6,-53,-18,0
"471","Henry Control",2000-08-10,3.64,0.075555556,0,1638,34,0,16.2,29.8,22.1,40,97,77,4.3,223,2000,32,22.1,908.9,1605,-27,0
"481","Henry Control",2000-09-05,1.231111111,0.015555556,0,554,7,0,5.2,18.9,11.6,37,96,69,0,249,2000,36,11.6,1141.6,-1084,-27,0
"491","Henry Control",2000-10-03,1.417777778,0.035555556,0.002222222,638,16,1,7.5,25.7,15.6,48,97,82,0,277,2000,40,15.6,1281.4,84,9,1
"501","Henry Control",2001-04-10,0,0,0.028888889,0,0,13,4.2,17,10.1,35,92,63,0,100,2001,15,10.1,2.3,-638,-16,12
"511","Henry Control",2001-05-01,0,0,0.004444444,0,0,2,5.5,31.6,20.5,15,89,44,0,121,2001,18,20.5,60.6,0,0,-11
"521","Henry Control",2001-06-06,0.111111111,0.06,0.004444444,50,27,2,9.1,25.7,17.4,29,95,65,0,157,2001,23,17.4,249.1,50,27,0
"531","Henry Control",2001-07-10,0.077777778,0.1,0,35,45,0,13.6,32.2,21.4,33,96,77,4.6,191,2001,28,21.4,617.9,-15,18,-2
"541","Henry Control",2001-08-16,1.364444444,0.022222222,0,614,10,0,13.5,31.7,22.6,31,96,64,0,228,2001,33,22.6,1063,579,-35,0
"551","Henry Control",2001-09-13,0.228888889,0.015555556,0,103,7,0,10.5,29.6,18.3,29,92,62,6.6,256,2001,37,18.3,1339.8,-511,-3,0
"561","Henry Control",2001-10-10,0.026666667,0.004444444,0,12,2,0,5.7,21.3,12.4,30,92,55,0,283,2001,41,12.4,1447.8,-91,-5,0
"571","Henry Control",2001-10-31,0,0,0.015555556,0,0,7,-5.9,5.3,1.2,46,91,78,0.3,304,2001,44,1.2,1502.5,-12,-2,7
"581","Henry Control",2002-05-20,0.004444444,0.004444444,0.002222222,2,2,1,-1.2,14,6.9,25,95,57,0,140,2002,20,6.9,146.4,2,2,-6
"591","Henry Control",2002-06-10,0.102222222,0.028888889,0.002222222,46,13,1,11.5,27.6,19.4,34,96,63,0,161,2002,23,19.4,293.2,44,11,0
"601","Henry Control",2002-07-15,0.028888889,0.057777778,0,13,26,0,15.8,34,24.2,30,94,67,0,196,2002,28,24.2,699.4,-33,13,-1
"611","Henry Control",2002-08-13,0.868888889,0.006666667,0,391,3,0,18.1,38.4,27.9,27,96,64,0,225,2002,33,27.9,1081.7,378,-23,0
"621","Henry Control",2002-09-06,0.764444444,0.002222222,0,344,1,0,6.8,27.1,16.4,21,97,69,0,249,2002,36,16.4,1351.3,-47,-2,0
"631","Henry Control",2002-10-09,0.111111111,0,0,50,0,0,3.1,18,11.1,51,97,77,0,282,2002,41,11.1,1608.3,-294,-1,0
"641","Henry Control",2002-10-29,0.008888889,0,0.006666667,4,0,3,-4.2,6.7,1.9,47,97,70,0,302,2002,44,1.9,1621.4,-46,0,3
"661","Henry Control",2003-08-26,12.70666667,0.015555556,0,5718,7,0,13.9,28.9,21.8,45,99,80,0,238,2003,34,21.8,1062,5617,-27,-1
"671","Henry Control",2003-11-03,0.077777778,0,0.015555556,35,0,7,10.4,26.2,17.1,52,98,82,0,307,2003,44,17.1,1385.7,-5683,-7,7
"681","Henry Control",2004-06-29,0.071111111,0.064444444,0,32,29,0,13.7,25.8,19,37,99,72,0,181,2004,26,19,526.5,-3,29,-7
"691","Henry Control",2004-08-26,1.035555556,0.015555556,0,466,7,0,11.5,25.4,18.6,57,98,82,0,239,2004,35,18.6,1155.1,434,-22,0
"701","Henry Control",2004-09-01,0.917777778,0.015555556,0,413,7,0,10.6,26.5,18,44,99,80,0,245,2004,35,18,1233.2,-53,0,0
"721","Henry Control",2005-05-17,0,0.026666667,0.004444444,0,12,2,4.9,18.3,12.1,29,84,50,0,137,2005,20,12.1,91.6,-2,12,-8
"731","Henry Control",2005-06-03,0.082222222,0.142222222,0.002222222,37,64,1,8.8,23.3,16.9,46,98,78,0,154,2005,22,16.9,152.5,37,52,-1
"741","Henry Control",2005-08-24,0.38,0.028888889,0,171,13,0,10.8,24.9,17.6,39,99,72,0,236,2005,34,17.6,1177.7,134,-51,-1
"751","Henry Control",1998-05-03,0.02,0.011111111,0.008888889,9,5,4,11.8,19.5,14.7,67,100,89,0.3,123,1998,18,14.7,100.4,-162,-8,4
"761","Henry Control",1998-06-04,0.286666667,0.113333333,0.002222222,129,51,1,1.7,18,10.7,32,100,65,0,155,1998,23,10.7,296.3,120,46,-3
"771","Henry Control",1998-07-02,0.5,0.073333333,0,225,33,0,14.8,27.4,20.4,37,100,75,0,183,1998,27,20.4,557.9,96,-18,-1
"781","Henry Control",1998-08-13,1.535555556,0.046666667,0,691,21,0,12.4,27.2,19.7,40,100,79,0,225,1998,33,19.7,1043.7,466,-12,0
"791","Henry Control",1998-08-28,1.484444444,0.015555556,0,668,7,0,13.7,30.4,22.1,33,100,78,0,240,1998,35,22.1,1219.6,-23,-14,0
"801","Henry Control",1998-10-02,0.126666667,0.006666667,0,57,3,0,0,18.3,9.8,31,100,64,0,275,1998,40,9.8,1479.3,-611,-4,0
"81","Henry Control",1998-10-27,0.011111111,0.002222222,0.026666667,5,1,12,7.8,14.2,10.3,60,98,82,0,300,1998,43,10.3,1519.4,-52,-2,12
"111","Tea Control",1995-05-03,0.002222222,0.004444444,0.017777778,1,2,8,0.8,21.7,11.6,16,76,45,0,123,1995,18,11.6,36.3,0,0,0
"212","Tea Control",1995-06-01,0.044444444,0.024444444,0.004444444,20,11,2,9.7,29.6,20.7,33,98,62,0,152,1995,22,20.7,156.2,19,9,-6
"410","Tea Control",1995-07-31,2.384444444,0.064444444,0,1073,29,0,12.2,31.1,22.1,39,95,73,0,212,1995,31,22.1,790.4,1067,17,0
"610","Tea Control",1995-09-18,0.415555556,0.026666667,0,187,12,0,5.2,19.7,13.9,44,100,79,0,261,1995,38,13.9,1259.7,-74,8,0
"710","Tea Control",1995-10-19,0.031111111,0.013333333,0.024444444,14,6,11,3.7,21.9,12.8,48,99,78,0,292,1995,42,12.8,1359,-173,-6,11
"83","Tea Control",1995-12-31,0,0,0,0,0,0,-10.5,4,-3.9,53,95,82,0,365,1995,53,-3.9,1395.6,-14,-6,-11
"92","Tea Control",1996-05-07,0,0.015555556,0.053333333,0,7,24,-2.9,17.8,8.2,18,96,58,0,128,1996,19,8.2,59.9,0,7,24
"102","Tea Control",1996-05-28,0.084444444,0.348888889,0.024444444,38,157,11,10,16.4,13.6,46,91,65,0,149,1996,22,13.6,155.3,38,150,-13
"112","Tea Control",1996-06-27,0.055555556,0.36,0,25,162,0,6.9,26.8,18,38,93,68,1.4,179,1996,26,18,416.4,-13,5,-11
"122","Tea Control",1996-07-30,0.168888889,0.126666667,0,76,57,0,16.1,22.7,19.1,65,90,77,0,212,1996,31,19.1,761.1,51,-105,0
"132","Tea Control",1996-08-30,1.486666667,0.073333333,0,669,33,0,10.5,24.6,17.2,38,90,69,0,243,1996,35,17.2,1084.5,593,-24,0
"142","Tea Control",1996-09-24,0.426666667,0.024444444,0,192,11,0,2.8,14.6,9.9,56,87,77,10.2,268,1996,39,9.9,1259.4,-477,-22,0
"152","Tea Control",1996-10-18,0.093333333,0.002222222,0.071111111,42,1,32,6.1,15,10.8,64,94,75,0,292,1996,42,10.8,1310.1,-150,-10,32
"162","Tea Control",1996-11-11,0.002222222,0,0.088888889,1,0,40,-3,5.6,1.1,54,94,77,0,316,1996,46,1.1,1337,-41,-1,8
"172","Tea Control",1996-12-31,0,0,0,0,0,0,-16.9,-3.8,-8.7,39,90,65,3.8,366,1996,53,-8.7,1338,-1,0,-40
"182","Tea Control",1997-04-25,0,0,0.1,0,0,45,4.2,16.5,9.2,29,97,64,0,115,1997,17,9.2,12,0,0,45
"192","Tea Control",1997-05-22,0.015555556,0.042222222,0.028888889,7,19,13,5.8,15.5,10.1,40,86,60,0,142,1997,21,10.1,61.6,7,19,-32
"202","Tea Control",1997-06-12,0.08,0.037777778,0.004444444,36,17,2,14.5,31.1,25.6,30,76,52,0,163,1997,24,25.6,184.1,29,-2,-11
"213","Tea Control",1997-07-02,0.037777778,0.04,0,17,18,0,16.3,26.1,20.9,64,100,87,1,183,1997,27,20.9,406.8,-19,1,-2
"222","Tea Control",1997-07-23,0.035555556,0.048888889,0,16,22,0,9.7,27.1,18.7,43,100,78,0,204,1997,30,18.7,642.1,-1,4,0
"232","Tea Control",1997-08-27,1,0.008888889,0,450,4,0,15.1,27.3,20.5,54,100,80,0,239,1997,35,20.5,987.8,434,-18,0
"242","Tea Control",1997-09-25,0.286666667,0,0.002222222,129,0,1,1.9,19.3,11.2,48,99,77,0,268,1997,39,11.2,1180.6,-321,-4,1
"252","Tea Control",1997-10-22,0,0,0.048888889,0,0,22,-5,11.2,2.7,30,99,63,0,295,1997,43,2.7,1251.8,-129,0,21
"262","Tea Control",1997-12-31,0,0,0,0,0,0,-13.5,-1,-6.2,43,77,59,0,365,1997,53,-6.2,1259.8,0,0,-22
"272","Tea Control",1998-05-05,0.065,0.025,0.04,29,11,18,13.9,21.8,15.9,60,100,94,8.1,125,1998,18,15.9,111.8,29,11,18
"282","Tea Control",1998-06-04,0.24,0.1125,0.0075,108,51,3,1.7,18,10.7,32,100,65,0,155,1998,23,10.7,296.3,79,40,-15
"292","Tea Control",1998-07-06,0.06,0.115,0.005,27,52,2,8.8,27,19,37,99,73,0,187,1998,27,19,599.9,-81,1,-1
"302","Tea Control",1998-08-11,1.9775,0.0325,0,890,15,0,17.4,30.9,22.2,51,100,95,9.7,223,1998,32,22.2,1024,863,-37,-2
"312","Tea Control",1998-08-24,1.0075,0.0275,0,453,12,0,20,33.3,26.5,45,100,73,0.3,236,1998,34,26.5,1166.1,-437,-3,0
"322","Tea Control",1998-10-03,0.0275,0.01,0.005,12,4,2,2,16.5,9.7,36,100,72,0,276,1998,40,9.7,1479.3,-441,-8,2
"332","Tea Control",1998-10-27,0.0025,0,0.06,1,0,27,7.8,14.2,10.3,60,98,82,0,300,1998,43,10.3,1519.4,-11,-4,25
"342","Tea Control",1998-12-31,0,0,0,0,0,0,-19.9,-5,-11.4,65,92,81,0,365,1998,53,-11.4,1539.3,-1,0,-27
"352","Tea Control",1999-05-17,0.004444444,0.031111111,0.004444444,2,14,2,2.4,24.8,14.7,32,99,65,0,137,1999,20,14.7,98.4,2,14,2
"362","Tea Control",1999-05-26,0.024444444,0.117777778,0.026666667,11,53,12,11.3,20,15.2,43,86,58,0,146,1999,21,15.2,148.3,9,39,10
"372","Tea Control",1999-06-16,0.051111111,0.077777778,0.011111111,23,35,5,7.1,23.5,15.8,34,95,65,0,167,1999,24,15.8,362.1,12,-18,-7
"382","Tea Control",1999-07-13,0.397777778,0.035555556,0,179,16,0,13.7,27.4,20.2,31,89,60,0,194,1999,28,20.2,683,156,-19,-5
"392","Tea Control",1999-08-04,0.064444444,0.002222222,0,29,1,0,10.2,32.6,22.1,24,95,59,0,216,1999,31,22.1,1002.2,-150,-15,0
"402","Tea Control",1999-09-01,1.393333333,0.008888889,0,627,4,0,8.2,30.2,18.3,23,97,68,0,244,1999,35,18.3,1289.4,598,3,0
"412","Tea Control",1999-10-07,0.171111111,0.002222222,0.08,77,1,36,-2.7,9.9,2.8,29,97,68,0,280,1999,40,2.8,1529.1,-550,-3,36
"422","Tea Control",1999-10-26,0.002222222,0,0.082222222,1,0,37,3.5,19.1,10.6,25,89,60,0,299,1999,43,10.6,1559,-76,-1,1
"432","Tea Control",2000-05-01,0,0,0.057777778,0,0,26,-1.8,20.5,11,19,91,49,0,122,2000,18,11,43.9,-1,0,-11
"442","Tea Control",2000-06-02,0.064444444,0.24,0.013333333,29,108,6,11.8,33.3,21.7,34,94,70,0,154,2000,22,21.7,225,29,108,-20
"452","Tea Control",2000-06-20,0.197777778,0.275555556,0.006666667,89,124,3,9,27.8,18.4,29,98,71,0,172,2000,25,18.4,363.5,60,16,-3
"462","Tea Control",2000-07-13,0,0.16,0,0,72,0,10.3,31.1,21.2,26,96,60,0,195,2000,28,21.2,611.8,-89,-52,-3
"472","Tea Control",2000-08-17,5.151111111,0.082222222,0,2318,37,0,10.9,24.3,16.8,36,95,73,0,230,2000,33,16.8,974.4,2318,-35,0
"482","Tea Control",2000-09-07,2.026666667,0.028888889,0,912,13,0,5.1,23.5,14.4,33,97,75,0,251,2000,36,14.4,1147.6,-1406,-24,0
"492","Tea Control",2000-10-11,0.351111111,0.002222222,0.008888889,158,1,4,2.3,18.6,9.5,30,96,69,0,285,2000,41,9.5,1289.3,-754,-12,4
"502","Tea Control",2001-04-10,0,0,0.075555556,0,0,34,4.2,17,10.1,35,92,63,0,100,2001,15,10.1,2.3,-158,-1,30
"512","Tea Control",2001-05-01,0,0,0.02,0,0,9,5.5,31.6,20.5,15,89,44,0,121,2001,18,20.5,60.6,0,0,-25
"522","Tea Control",2001-06-07,0.126666667,0.082222222,0.022222222,57,37,10,5.6,26.8,16.5,26,97,65,0,158,2001,23,16.5,255.6,57,37,1
"532","Tea Control",2001-07-12,0.031111111,0.084444444,0.006666667,14,38,3,10,25.2,17.4,33,95,68,0,193,2001,28,17.4,634.6,-43,1,-7
"542","Tea Control",2001-08-15,1.451111111,0.024444444,0,653,11,0,13.4,30.4,21.4,21,97,66,0,227,2001,33,21.4,1050.4,639,-27,-3
"552","Tea Control",2001-09-05,1.013333333,0.002222222,0,456,1,0,7.5,24.7,17,29,96,66,0,248,2001,36,17,1268.2,-197,-10,0
"562","Tea Control",2001-10-16,0.231111111,0.006666667,0,104,3,0,0.9,19.4,10.9,39,98,78,2.3,289,2001,42,10.9,1474.2,-352,2,0
"572","Tea Control",2001-11-07,0,0,0.008888889,0,0,4,-3.2,16.6,6.3,46,91,70,0,311,2001,45,6.3,1517.4,-104,-3,4
"582","Tea Control",2002-05-21,0.115555556,0.048888889,0.004444444,52,22,2,-3.2,17.2,6.6,30,96,67,0,141,2002,21,6.6,146.4,52,22,-2
"592","Tea Control",2002-06-11,0.191111111,0.075555556,0,86,34,0,15.6,33.4,24.6,32,83,61,0,162,2002,24,24.6,307.8,34,12,-2
"612","Tea Control",2002-08-13,0.417777778,0.006666667,0,188,3,0,18.1,38.4,27.9,27,96,64,0,225,2002,33,27.9,1081.7,185,-12,0
"622","Tea Control",2002-09-09,0.191111111,0.004444444,0,86,2,0,11.3,34.6,22.3,36,97,75,0,252,2002,36,22.3,1381.9,-102,-1,0
"632","Tea Control",2002-10-10,0.044444444,0.004444444,0.008888889,20,2,4,11.7,16.7,13.6,72,96,85,1,283,2002,41,13.6,1611.9,-66,0,4
"642","Tea Control",2002-10-28,0.013333333,0,0.024444444,6,0,11,1,10.1,5.9,46,95,71,0,301,2002,43,5.9,1621.4,-14,-2,7
"662","Tea Control",2003-08-25,1.613333333,0.015555556,0,726,7,0,13.4,29.3,21,44,98,73,0,237,2003,34,21,1050.2,699,-60,-2
"672","Tea Control",2003-11-03,0.031111111,0.002222222,0.06,14,1,27,10.4,26.2,17.1,52,98,82,0,307,2003,44,17.1,1385.7,-712,-6,27
"682","Tea Control",2004-06-30,0.064444444,0.084444444,0.006666667,29,38,3,10.5,28.5,19.5,39,97,73,0,182,2004,26,19.5,536,15,37,-24
"692","Tea Control",2004-08-19,0.791111111,0.033333333,0,356,15,0,19.3,29.2,23.4,62,96,84,0,232,2004,34,23.4,1090.5,327,-23,-3
"702","Tea Control",2004-09-02,0.62,0.015555556,0,279,7,0,10.6,25.7,17.2,44,99,80,0,246,2004,36,17.2,1240.4,-77,-8,0
"722","Tea Control",2005-06-01,0.086666667,0.262222222,0.008888889,39,118,4,9.8,25,16.9,45,98,77,0,152,2005,22,16.9,138.2,36,117,-17
"732","Tea Control",2005-08-23,1.668888889,0.026666667,0,751,12,0,9.5,25.6,17.9,37,99,74,0,235,2005,34,17.9,1170.1,712,-106,-4
"742","Tea Control",1998-05-05,0.057777778,0.022222222,0.035555556,26,10,16,13.9,21.8,15.9,60,100,94,8.1,125,1998,18,15.9,111.8,-725,-2,16
"752","Tea Control",1998-06-04,0.213333333,0.1,0.006666667,96,45,3,1.7,18,10.7,32,100,65,0,155,1998,23,10.7,296.3,70,35,-13
"762","Tea Control",1998-07-06,0.053333333,0.102222222,0.004444444,24,46,2,8.8,27,19,37,99,73,0,187,1998,27,19,599.9,-72,1,-1
"772","Tea Control",1998-08-11,1.757777778,0.028888889,0,791,13,0,17.4,30.9,22.2,51,100,95,9.7,223,1998,32,22.2,1024,767,-33,-2
"782","Tea Control",1998-08-24,0.895555556,0.024444444,0,403,11,0,20,33.3,26.5,45,100,73,0.3,236,1998,34,26.5,1166.1,-388,-2,0
"792","Tea Control",1998-10-03,0.024444444,0.008888889,0.004444444,11,4,2,2,16.5,9.7,36,100,72,0,276,1998,40,9.7,1479.3,-392,-7,2
"802","Tea Control",1998-10-27,0.002222222,0,0.053333333,1,0,24,7.8,14.2,10.3,60,98,82,0,300,1998,43,10.3,1519.4,-10,-4,22
